{
  "rotations": [
    [
      [
        1.0,
        0.0,
        0.0
      ],
      [
        0.0,
        1.0,
        0.0
      ],
      [
        -0.0,
        0.0,
        1.0
      ]
    ],
    [
      [
        0.92048526,
        -0.39077726,
        -0.00014591496
      ],
      [
        0.39076847,
        0.9204669,
        -0.006383407
      ],
      [
        0.0026288002,
        0.005818813,
        0.9999796
      ]
    ],
    [
      [
        0.92217207,
        -0.38671714,
        0.0069657234
      ],
      [
        0.38677984,
        0.92202884,
        -0.016253037
      ],
      [
        -0.0001372695,
        0.017682299,
        0.99984366
      ]
    ],
    [
      [
        0.99992406,
        -0.0037603488,
        -0.011734472
      ],
      [
        0.004009396,
        0.9997657,
        0.021272723
      ],
      [
        0.011651729,
        -0.021318156,
        0.99970484
      ]
    ],
    [
      [
        0.99996173,
        0.002753667,
        -0.008301587
      ],
      [
        -0.0025805796,
        0.99978054,
        0.020789012
      ],
      [
        0.008357011,
        -0.020766795,
        0.9997494
      ]
    ],
    [
      [
        0.93714494,
        -0.3487685,
        -0.010951234
      ],
      [
        0.3487425,
        0.9372089,
        -0.00425934
      ],
      [
        0.011749117,
        0.00017245786,
        0.999931
      ]
    ],
    [
      [
        0.93443614,
        -0.35603976,
        -0.008052149
      ],
      [
        0.3561159,
        0.9343651,
        0.011974163
      ],
      [
        0.0032603682,
        -0.014056589,
        0.9998959
      ]
    ],
    [
      [
        0.99995905,
        0.0069589713,
        -0.005793517
      ],
      [
        -0.006626521,
        0.998434,
        0.055549085
      ],
      [
        0.0061710086,
        -0.05550842,
        0.99843913
      ]
    ],
    [
      [
        0.99998784,
        0.004454305,
        -0.0021181866
      ],
      [
        -0.004311804,
        0.9979985,
        0.06309067
      ],
      [
        0.002394972,
        -0.06308077,
        0.99800557
      ]
    ],
    [
      [
        0.9290696,
        -0.36976913,
        0.01002099
      ],
      [
        0.36990464,
        0.92869645,
        -0.02633292
      ],
      [
        0.00043064356,
        0.028171927,
        0.999603
      ]
    ],
    [
      [
        0.9230391,
        -0.38467398,
        -0.004978057
      ],
      [
        0.38469693,
        0.92302936,
        0.005017164
      ],
      [
        0.0026649204,
        -0.006546082,
        0.999975
      ]
    ],
    [
      [
        0.99987376,
        0.011970834,
        -0.010447936
      ],
      [
        -0.011406519,
        0.99855596,
        0.052495457
      ],
      [
        0.011061264,
        -0.052369658,
        0.9985665
      ]
    ],
    [
      [
        0.9997434,
        0.022646107,
        -0.0005632594
      ],
      [
        -0.022629343,
        0.9995244,
        0.02094961
      ],
      [
        0.0010374186,
        -0.020931486,
        0.99978036
      ]
    ],
    [
      [
        0.9265183,
        -0.3762289,
        -0.003954336
      ],
      [
        0.37621403,
        0.92652404,
        -0.0040287008
      ],
      [
        0.005179501,
        0.0022449882,
        0.9999841
      ]
    ],
    [
      [
        0.92570734,
        -0.3776949,
        -0.020306299
      ],
      [
        0.3781673,
        0.92524904,
        0.030061835
      ],
      [
        0.0074341805,
        -0.03550764,
        0.9993417
      ]
    ],
    [
      [
        0.9998041,
        -0.019709375,
        0.0018342845
      ],
      [
        0.019505644,
        0.99674696,
        0.07819861
      ],
      [
        -0.0033695635,
        -0.078147516,
        0.9969361
      ]
    ],
    [
      [
        0.9998145,
        0.019058747,
        -0.0027694923
      ],
      [
        -0.018921973,
        0.99889404,
        0.04304228
      ],
      [
        0.0035867614,
        -0.042981893,
        0.9990694
      ]
    ],
    [
      [
        0.9380945,
        -0.34633106,
        -0.0057990383
      ],
      [
        0.34623545,
        0.9380556,
        -0.013143199
      ],
      [
        0.0099917175,
        0.010321729,
        0.9998968
      ]
    ],
    [
      [
        0.9323536,
        -0.3614114,
        0.009929851
      ],
      [
        0.3615476,
        0.93197316,
        -0.026637405
      ],
      [
        0.00037270784,
        0.028425593,
        0.9995959
      ]
    ],
    [
      [
        0.9996754,
        -0.004318597,
        -0.025108354
      ],
      [
        0.004405542,
        0.9999845,
        0.0034084967
      ],
      [
        0.025093246,
        -0.0035180063,
        0.9996789
      ]
    ],
    [
      [
        0.9999992,
        0.0012229534,
        -0.00033928957
      ],
      [
        -0.001214623,
        0.9997219,
        0.023552706
      ],
      [
        0.00036799908,
        -0.023552274,
        0.99972254
      ]
    ],
    [
      [
        0.93710524,
        -0.34903842,
        0.0024350416
      ],
      [
        0.34890774,
        0.9365119,
        -0.03476803
      ],
      [
        0.009854932,
        0.033430908,
        0.9993924
      ]
    ],
    [
      [
        0.92247754,
        -0.38605037,
        0.00055924716
      ],
      [
        0.38605076,
        0.92247635,
        -0.0014984501
      ],
      [
        6.258488e-05,
        0.0015981842,
        0.99999875
      ]
    ],
    [
      [
        0.9999969,
        -0.00032743256,
        -0.0024857172
      ],
      [
        0.0004058319,
        0.9995004,
        0.03160522
      ],
      [
        0.0024741266,
        -0.03160613,
        0.99949735
      ]
    ]
  ],
  "angles": [
    [
      0.0,
      0.0,
      0.0
    ],
    [
      0.005818866,
      -0.0026288033,
      0.40146774
    ],
    [
      0.017683221,
      0.0001372695,
      0.3971371
    ],
    [
      -0.021321218,
      -0.011651993,
      0.004009679
    ],
    [
      -0.020769013,
      -0.008357108,
      -0.0025806725
    ],
    [
      0.00017246976,
      -0.011749387,
      0.35625473
    ],
    [
      -0.014057127,
      -0.003260374,
      0.36411
    ],
    [
      -0.05553802,
      -0.0061710477,
      -0.0066266954
    ],
    [
      -0.06312286,
      -0.0023949742,
      -0.00431183
    ],
    [
      0.028175658,
      -0.00043064356,
      0.3789064
    ],
    [
      -0.006546152,
      -0.0026649237,
      0.39488095
    ],
    [
      -0.052396834,
      -0.01106149,
      -0.011407465
    ],
    [
      -0.020933026,
      -0.0010374188,
      -0.022631288
    ],
    [
      0.0022450201,
      -0.0051795244,
      0.38571215
    ],
    [
      -0.03551609,
      -0.007434249,
      0.38782707
    ],
    [
      -0.07822772,
      0.0033695698,
      0.01950699
    ],
    [
      -0.042995416,
      -0.003586769,
      -0.018923223
    ],
    [
      0.010322427,
      -0.009991884,
      0.3535738
    ],
    [
      0.028429424,
      -0.00037270784,
      0.36992726
    ],
    [
      -0.0035191216,
      -0.02509588,
      0.004406944
    ],
    [
      -0.023554454,
      -0.00036799908,
      -0.0012146235
    ],
    [
      0.033438765,
      -0.009855092,
      0.35642344
    ],
    [
      0.0015981849,
      -6.258488e-05,
      0.39634663
    ],
    [
      -0.03161149,
      -0.0024741292,
      0.00040583313
    ]
  ]
}